20180303,11366.2
20180302,11295.0
20180301,11079.9
20180228,10517.8
20180227,10747.0
20180226,10299.2
20180225,9498.3
20180224,9721.0
20180223,10109.8
20180222,9847.6
20180221,10595.5
20180220,11109.2
20180219,11575.0
20180218,10471.1
20180217,10626.2
20180216,10710.0
20180215,9826.5
20180214,9313.0
20180213,8830.0
20180212,8677.0
20180211,8457.0
20180210,7924.0
20180209,8972.6
20180208,8015.0
20180207,8274.9
20180206,7694.0
20180205,5971.4
20180204,8243.0
20180203,9155.0
20180202,8630.1
20180201,8384.9
20180131,10067.9
20180130,10148.9
20180129,10984.1
20180128,11054.0
20180127,11304.0
20180126,11154.0
20180125,11055.0
20180124,11437.3
20180123,10919.9
20180122,10400.0
20180121,11583.5
20180120,11890.0
20180119,12550.0
20180118,11398.3
20180117,10860.0
20180116,11220.0
20180115,12864.0
20180114,13653.1
20180113,13768.0
20180112,14368.0
20180111,13724.2
20180110,13635.6
20180109,14169.0
20180108,15186.0
20180107,15927.9
20180106,16702.4
20180105,16528.6
20180104,14930.0
20180103,15050.0
20180102,15305.6
20180101,13191.0
20171231,13605.9
20171230,13059.9
20171229,14020.7
20171228,14600.0
20171227,14265.3
20171226,16203.5
20171225,15439.0
20171224,14244.9
20171223,14568.1
20171222,14503.0
20171221,13300.0
20171220,16316.8
20171219,16659.3
20171218,18850.0
20171217,18827.3
20171216,19734.2
20171215,18100.0
20171214,17333.3
20171213,16850.0
20171212,16794.7
20171211,16918.1
20171210,16860.7
20171209,14172.2
20171208,16139.3
20171207,16670.0
20171206,14484.9
20171205,12440.0
20171204,11726.6
20171203,11584.3
20171202,11168.5
20171201,10879.0
20171130,9571.1
20171129,10200.0
20171128,10599.5
20171127,9920.1
20171126,9731.5
20171125,9109.2
20171124,8324.9
20171123,8248.7
20171122,8161.0
20171121,8240.0
20171120,8150.9
20171119,8022.9
20171118,7758.0
20171117,7731.0
20171116,7659.3
20171115,7326.7
20171114,6938.9
20171113,6570.0
20171112,6241.0
20171111,6079.3
20171110,6704.1
20171109,7195.0
20171108,7359.6
20171107,7364.3
20171106,7186.8
20171105,7316.7
20171104,7489.9
20171103,7191.0
20171102,6944.9
20171101,6847.8
20171031,6406.7
20171030,6135.3
20171029,6125.0
20171028,5738.8
20171027,5818.6
20171026,5845.8
20171025,5735.0
20171024,5521.1
20171023,5725.4
20171022,6026.0
20171021,6172.7
20171020,6080.0
20171019,5631.0
20171018,5572.3
20171017,5372.2
20171016,5653.0
20171015,5661.0
20171014,5735.9
20171013,5585.7
20171012,5511.7
20171011,4896.9
20171010,4764.1
20171009,4827.0
20171008,4561.0
20171007,4463.6
20171006,4345.0
20171005,4394.7
20171004,4157.6
20171003,4332.3
20171002,4380.0
20171001,4445.1
20170930,4315.0
20170929,4244.9
20170928,4085.0
20170927,4246.0
20170926,3933.6
20170925,3886.7
20170924,3773.0
20170923,3646.3
20170922,3712.9
20170921,3753.2
20170920,3871.9
20170919,3944.9
20170918,3969.2
20170917,3749.3
20170916,3551.0
20170915,3888.5
20170914,3167.3
20170913,3830.6
20170912,4020.8
20170911,4347.7
20170910,4331.4
20170909,4157.0
20170908,4359.7
20170907,4621.7
20170906,4538.7
20170905,4510.5
20170904,4337.3
20170903,4609.0
20170902,4660.0
20170901,4750.0
20170831,4713.3
20170830,4630.7
20170829,4594.6
20170828,4371.2
20170827,4265.5
20170826,4344.9
20170825,4320.5
20170824,4320.0
20170823,4164.0
20170822,4074.5
20170821,3847.4
20170820,4002.1
20170819,4098.0
20170818,4045.4
20170817,4269.8
20170816,4304.1
20170815,4061.3
20170814,4259.9
20170813,4074.9
20170812,4094.5
20170811,3761.8
20170810,3473.2
20170809,3362.0
20170808,3402.5
20170807,3436.1
20170806,3232.9
20170805,3207.4
20170804,2835.9
20170803,2779.5
20170802,2714.7
20170801,2741.2
20170731,2863.0
20170730,2722.1
20170729,2707.8
20170728,2740.9
20170727,2682.1
20170726,2560.0
20170725,2451.0
20170724,2672.2
20170723,2763.9
20170722,2788.0
20170721,2637.0
20170720,2759.7
20170719,2319.1
20170718,2350.0
20170717,2238.4
20170716,1890.3
20170715,1984.8
20170714,2101.0
20170713,2332.5
20170712,2384.0
20170711,2328.8
20170710,2268.7
20170709,2511.4
20170708,2555.5
20170707,2498.6
20170706,2577.0
20170705,2614.6
20170704,2562.7
20170703,2561.7
20170702,2497.2
20170701,2415.2
20170630,2491.9
20170629,2515.7
20170628,2564.8
20170627,2487.2
20170626,2400.0
20170625,2475.1
20170624,2585.0
20170623,2706.9
20170622,2705.9
20170621,2632.6
20170620,2696.8
20170619,2624.4
20170618,2574.0
20170617,2635.0
20170616,2509.1
20170615,2455.7
20170614,2362.9
20170613,2800.0
20170612,2749.9
20170611,2963.2
20170610,2909.5
20170609,2814.1
20170608,2805.6
20170607,2799.8
20170606,2818.7
20170605,2845.8
20170604,2584.9
20170603,2518.4
20170602,2457.0
20170601,2434.9
20170531,2408.0
20170530,2228.9
20170529,2287.0
20170528,2197.0
20170527,2098.8
20170526,2231.8
20170525,2568.0
20170524,2585.4
20170523,2318.0
20170522,2166.9
20170521,2173.3
20170520,2073.4
20170519,1993.0
20170518,1924.9
20170517,1816.9
20170516,1829.0
20170515,1719.9
20170514,1774.9
20170513,1799.8
20170512,1708.2
20170511,1788.0
20170510,1838.5
20170509,1727.9
20170508,1706.0
20170507,1633.2
20170506,1602.8
20170505,1582.1
20170504,1629.3
20170503,1552.1
20170502,1455.7
20170501,1448.9
20170430,1348.4
20170429,1351.9
20170428,1360.0
20170427,1355.3
20170426,1318.1
20170425,1290.3
20170424,1267.0
20170423,1254.2
20170422,1238.9
20170421,1248.8
20170420,1248.9
20170419,1219.4
20170418,1196.4
20170417,1196.6
20170416,1171.8
20170415,1188.7
20170414,1180.6
20170413,1193.9
20170412,1186.1
20170411,1215.2
20170410,1208.6
20170409,1209.5
20170408,1186.2
20170407,1189.5
20170406,1185.4
20170405,1132.9
20170404,1136.3
20170403,1155.3
20170402,1143.7
20170401,1089.9
20170331,1085.4
20170330,1049.7
20170329,1045.6
20170328,1044.5
20170327,1024.6
20170326,981.7
20170325,967.8
20170324,901.0
20170323,1008.0
20170322,1026.9
20170321,1091.3
20170320,1081.9
20170319,1022.4
20170318,1005.3
20170317,1060.6
20170316,1088.8
20170315,1247.7
20170314,1254.9
20170313,1235.0
20170312,1233.6
20170311,1189.4
20170310,1196.8
20170309,1192.5
20170308,1166.0
20170307,1188.0
20170306,1279.8
20170305,1281.7
20170304,1252.1
20170303,1293.1
20170302,1271.5
20170301,1227.4
20170228,1195.2
20170227,1192.6
20170226,1184.9
20170225,1159.9
20170224,1184.1
20170223,1210.9
20170222,1132.2
20170221,1117.8
20170220,1088.0
20170219,1060.4
20170218,1066.4
20170217,1069.5
20170216,1043.7
20170215,1026.0
20170214,1008.6
20170213,993.4
20170212,1015.4
20170211,1012.5
20170210,1005.1
20170209,985.3
20170208,1058.4
20170207,1067.9
20170206,1047.3
20170205,1017.9
20170204,1030.1
20170203,1018.0
20170202,1015.7
20170201,988.9
20170131,977.9
20170130,934.9
20170129,919.1
20170128,924.7
20170127,924.0
20170126,916.5
20170125,901.3
20170124,901.2
20170123,917.9
20170122,922.6
20170121,939.7
20170120,920.4
20170119,898.4
20170118,891.3
20170117,896.1
20170116,892.1
20170115,839.1
20170114,828.0
20170113,829.9
20170112,788.6
20170111,758.1
20170110,906.9
20170109,904.0
20170108,891.6
20170107,937.9
20170106,845.8
20170105,988.4
20170104,1139.9
20170103,1064.9
20170102,1018.8
20170101,1011.4
20161231,971.0
20161230,958.7
20161229,952.1
20161228,981.4
20161227,948.9
20161226,911.0
20161225,900.1
20161224,894.6
20161223,917.2
20161222,908.0
20161221,861.7
20161220,810.8
20161219,790.2
20161218,794.8
20161217,791.7
20161216,788.9
20161215,780.4
20161214,778.1
20161213,780.3
20161212,779.1
20161211,772.7
20161210,766.9
20161209,770.5
20161208,769.2
20161207,765.8
20161206,753.9
20161205,755.7
20161204,757.6
20161203,765.7
20161202,759.6
20161201,767.2
20161130,747.1
20161129,734.5
20161128,730.9
20161127,731.9
20161126,733.9
20161125,737.3
20161124,733.5
20161123,738.8
20161122,745.1
20161121,737.4
20161120,734.0
20161119,751.4
20161118,748.4
20161117,740.0
20161116,747.6
20161115,714.0
20161114,711.1
20161113,705.1
20161112,694.0
20161111,715.0
20161110,714.5
20161109,719.8
20161108,715.2
20161107,708.6
20161106,711.1
